# YOLOv5 Hyperparameter Evolution Results
# Best generation: 6
# Last generation: 10
#    metrics/precision,       metrics/recall,      metrics/mAP_0.5, metrics/mAP_0.5:0.95,         val/box_loss,         val/obj_loss,         val/cls_loss
#             0.054463,              0.23404,             0.023007,            0.0060655,              0.10234,             0.018256,                    0

lr0: 0.01348
lrf: 0.12191
momentum: 0.81638
weight_decay: 0.00048
warmup_epochs: 2.87955
warmup_momentum: 0.70916
warmup_bias_lr: 0.10358
box: 0.05718
cls: 0.46907
cls_pw: 1.18037
obj: 0.94188
obj_pw: 0.92663
iou_t: 0.2
anchor_t: 3.86762
fl_gamma: 0.0
hsv_h: 0.01064
hsv_s: 0.9
hsv_v: 0.44599
degrees: 0.0
translate: 0.11872
scale: 0.58704
shear: 0.0
perspective: 0.0
flipud: 0.0
fliplr: 0.5
mosaic: 0.90997
mixup: 0.0
copy_paste: 0.0
anchors: 3.4309
