lr0: 0.01127
lrf: 0.11116
momentum: 0.90263
weight_decay: 0.00048
warmup_epochs: 3.0
warmup_momentum: 0.81917
warmup_bias_lr: 0.11804
box: 0.05085
cls: 0.59384
cls_pw: 1.35908
obj: 1.0
obj_pw: 1.0
iou_t: 0.2
anchor_t: 3.40617
fl_gamma: 0.0
hsv_h: 0.01561
hsv_s: 0.66261
hsv_v: 0.4
degrees: 0.0
translate: 0.11322
scale: 0.42948
shear: 0.0
perspective: 0.0
flipud: 0.0
fliplr: 0.5
mosaic: 1.0
mixup: 0.0
copy_paste: 0.0
anchors: 2.10337
